1556175073.67276 8.60127347902927e-07 5.59803391760383e-06 8.43534167279733e-06 5.47975414982145e-07 5.23937828177432e-06 -5.66782658421586e-06 0.999999999970062
1556175074.83557 -0.00104450316938439 -0.00327027158576619    0.002358684093241 0.000464035478380561 0.00273930397526005 -0.000268196591176262 0.99999610447011
1556175078.23788 -0.00226582890788472 0.000828006829299341  0.00364999736668371 0.00950849835999207 -0.000134593428945252 0.00333572847962102 0.999949220340242
1556175078.36708 -0.00372580639338651  -0.0033112797380832  0.00622329803385268 0.011970909289667 -9.60651250799311e-05 -0.00118446380499477 0.999927639955895
1556175078.53935  -0.00730944832882083 -0.000205600112785078   0.00777812888729788 0.0222198775528958 0.00435696671088496 -0.00875159341697446 0.999705308326048
1556175078.62548 -0.00805322304572141 -0.00365413816582538   0.0094136353858622 0.022285769902392 0.00968249121208023 -0.0134037977561031 0.99961489186061
1556175078.75469  -0.00916621614432024 -0.000116410920668824    0.0102037241663619 0.0308076462684076 0.0201637248336825 -0.0192467998619894 0.999136564152921
1556175078.88389  -0.0111220327303281 -0.00300826968918948   0.0131735958475768 0.033148352229274 0.0335999181155248 -0.0257850728890508 0.998552633697003
1556175079.01309  -0.00993140739667405 -0.000872462715178218     0.014399070075262 0.038575533654103 0.0432863915836005 -0.0260631260775295 0.997977419567216
1556175079.14229 -0.0078946892329699 -0.0025388564724391  0.0193035617289901 0.0397009692933446 0.0449560221921788 -0.0255868550946043 0.997871786329383
1556175079.27149  -0.00412453384721817 -0.000615375133852369     0.022406037545815 0.037283264134994 0.0373684870342491 -0.0220901288594391 0.998361447873056
1556175079.35763 9.94639544488322e-05 -0.00127925813647648   0.0262951521479005 0.0314725584175795 0.0298808536478425 -0.0162867781693627 0.998925099048367
1556175079.48683  0.00605847569118904 0.000197914376381314   0.0308966554603509 0.03009817088107 0.0200571381944451 -0.00779778165033015 0.999315268530606
1556175079.61603   0.0125459082603628 0.000885239830402199    0.035924265159018 0.0297898079766214 0.0126708959069696 -0.00321162829391535 0.999470710516988
1556175079.74523  0.0186662543875453 0.00170460387282293  0.0397961416193644 0.0313891098506381 0.00915563353902472 -0.00141890693661021 0.999464298942383
1556175079.87443  0.0235717890758849 0.00121764432310727  0.0438652284695037 0.0324119407891527 0.00480195127425528 -0.00247088884493223 0.999460005236106
1556175080.0467  0.0296608420052678 0.00160844357463977  0.0469818562061863 0.0316959072803795 0.00452866936876062 -0.00362566302775886 0.999480722767093
1556175080.13284 0.0322411747348759 0.0015397853772059 0.0489035579984293 0.0303401959064923 0.00389020082906182 -0.00338241181914851 0.999526336891705
1556175080.3051  0.0364955565765393 0.00130870183108011  0.0508535007209228 0.0295868336195858 0.0043748585788457 -0.0025400619672188 0.999549412472432
1556175080.39124 0.0387962573636003 0.0012923172410962 0.0522773375464773 0.0296288152309183 0.00558618748333951 -0.00308581053552541 0.999540597269942
1556175080.52044   0.0396525941622575 0.000731355396480157   0.0529850854707322 0.0312517451367455 0.0146060169066774 -0.00774408679161692 0.999374815480055
1556175080.64964  0.0436876270651383 0.00122438935327593  0.0545452043596748 0.033121780890041 0.0226111371707799 -0.0131262540253127 0.999109296104175
1556175080.77884   0.0446554325612092 0.000853928638654052   0.0551461033156611 0.0315643686916548 0.0358957564949941 -0.015462442497004 0.998737251816901
1556175080.90805   0.0467552465251049 0.000923719046826771   0.0575320617611199 0.0284373104254519 0.0491717311823114 -0.0150052682954575 0.998272659222761
1556175081.03725   0.0473595975898701 0.000954250145336711   0.0592947300911196 0.025021034315711 0.0583777600680579 -0.0163108649812066 0.997847654030801
1556175081.16645    0.04794040988814 0.00133602329020368  0.0624849105644759 0.0212074062446355 0.0655650965340426 -0.0171669463419772 0.997475192669045
1556175081.51099  0.0512096706542047 0.00339296095968851  0.0719531297784591 0.0188379140759047 0.0722245117273653 -0.0155705474547539 0.997088918277087
1556175081.68326   0.051546006047614 0.00394798368400197  0.0775187162875237 0.0189160810835194 0.0762993852737902 -0.0141391663069787 0.996805231557012
1556175082.02779  0.0560507295904949 0.00574377986298562  0.0873970771796007 0.0199126301423218 0.0790929668481999 -0.0144511477418477 0.99656357252556
1556175082.20006  0.0568367180533221 0.00584535998885988  0.0919296766541767 0.0160742859338084 0.082231373338794 -0.0170601638022098 0.996337578023421
1556175082.5446  0.0602493571829504 0.00619852715730892  0.0985295988764594 0.0165086804643619 0.0913161857413419 -0.0206039083019905 0.995471896466024
1556175082.6738  0.0606638523977526 0.00541097029493736   0.100843650669521 0.019288122331167 0.0913283305870883 -0.0259816616614244 0.995294960113044
1556175083.06141  0.0701913398116967 0.00614141801466953   0.106153679371362 0.0143724955152193 0.0867650700151447 -0.0256633043560575 0.995794481209582
1556175083.19061  0.0728013815857998 0.00647778216687146   0.107895917191293 0.0112661997077089 0.0823340073641374 -0.0193532588736767 0.996353167981352
1556175083.31981  0.0785075022781222 0.00716226307202856   0.110138870126856 0.0111832415971631 0.0738525451144167 -0.0158551633915578 0.997080413247261
1556175083.44901  0.0819112330325091 0.00814346878932887   0.111940928111846 0.00970031463993556 0.0683636548532627 -0.015084537974872 0.997499258799261
1556175083.57821  0.0866236847791715 0.00841521955766299   0.114210844362513 0.00895816155650414 0.0631552319451754 -0.0122173973754821 0.997888722864853
1556175083.70741  0.0892524624578497 0.00904657149733315   0.116229578774661 0.00986353209255388 0.0602978768818176 -0.0107433132762849 0.998073874018378
1556175083.83662  0.0946769801023885 0.00904838132322455   0.118261585810779 0.010505766776402 0.0564713786888827 -0.0098960272129575 0.998299895271364
1556175083.96582  0.0976926082498911 0.00979961229581026    0.11993269918317 0.0114155961390993 0.0555218581585792 -0.00949679803719871 0.998347042995795
1556175084.09502   0.10219527680699 0.0095846961951375   0.12148039008239 0.0108241594309505 0.0544508568965895 -0.00863137258548954 0.998420473128997
1556175084.22422  0.104700573861757 0.0100879507920751  0.122701165312203 0.0128276665157287 0.0556310633897511 -0.00582033880233675 0.998352021790968
1556175084.35342   0.108726690919282 0.00931075539743282   0.123980157496151 0.0108401983642774 0.0573087656236987 -0.0036098483346893 0.998291122106729
1556175084.48262  0.111312714464806 0.0101193545209039  0.124653583853932 0.0116397951844355 0.0607943600711822 -0.000870104077133833 0.998082062693492
1556175084.61182   0.114507278948257 0.00892295249405462   0.125227143866658 0.00960594998811772 0.0650950883077513 -0.00169159122515153 0.997831395438207
1556175084.74103   0.116004784647595 0.00949588789816058   0.125694952108411 0.0102387169614641 0.0708320257774369 -0.00138256543135553 0.997434750403291
1556175084.87023   0.119028148423258 0.00804184190032483   0.125871252559387 0.00741064434528633 0.0779047226607829 0.000294537377299479 0.996933222329995
1556175084.95636    0.12010987876734 0.00884535578900014   0.126110914691983 0.00746141446377974 0.0836529822433393 0.000439911744357236 0.996466914821387
1556175085.12863    0.12314322009446 0.00773566312360788    0.12597413069829 0.00349007939179123 0.0950335544285799 -0.000492909590066281 0.995467829675397
1556175085.21477  0.124004995925174 0.0085443118839365  0.125685188494956 0.00297913099015829 0.100505605697193 -0.00189358698063582 0.994930229880634
1556175085.5593   0.127928452593853 0.00747321613710486   0.125612046704291 0.00252046162062254 0.11919005343682 -0.00879950265105593 0.992829263865667
1556175085.77464  0.128750708316897 0.0078042631711337  0.124970235631884 0.00443268048514033 0.138654591422755 -0.0135074314852329 0.990238761570046
1556175085.90384   0.130237134925088 0.00715931510961863   0.124637659486498 0.00696875602081319 0.150110464461009 -0.0136654388180353 0.988550221627982
1556175085.98998   0.129836009705933 0.00766146310640204   0.125289640719754 0.00980593005902477 0.158481215300257 -0.0132706797543768 0.98722410687315
1556175086.11918   0.130688178794071 0.00718794729217555    0.12582605194843 0.00952406605529629 0.170599741680737 -0.0147926048180946 0.985183332759409
1556175086.24838   0.130767705490043 0.00805668923686771   0.126731011382857 0.0073449466460982 0.182642571569688 -0.0164803758702797 0.983013804592973
1556175086.37758   0.131938664665571 0.00790643224017881   0.128219687532639 0.00316831129507137 0.194734245830075 -0.0179187611710073 0.980687235209384
1556175086.50678   0.132104090548654 0.00902209894720471   0.129104116405737 0.00330687141362992 0.206417161111358 -0.0183532019831688 0.978286348763564
1556175086.63598  0.133396013486124 0.0087149632206676  0.131273797974056 0.00218767164951544 0.219508432813736 -0.0205302661310489 0.97539211099383
1556175086.76518   0.133432937143966 0.00970260552449875   0.131623482240316 0.00237605186602681 0.233994839051005 -0.0216544624800789 0.971993752001381
1556175086.89439   0.134540660147885 0.00938724562687873   0.133955039843152 0.00145067990776336 0.248746843638097 -0.0221201347359439 0.968314826359254
1556175087.02359  0.134369878817906 0.0103177057538027  0.133771448811485 0.0035328338242985 0.263765812292708 -0.0239730464329058 0.964282328156782
1556175087.15279  0.136373098011765 0.0101535700205723  0.135973294751243 0.00320712010009944 0.277899128780725 -0.0264379239023352 0.960241024318016
1556175087.28199   0.13509947303331 0.0107460988149591  0.135515680049323 0.00285635774482134 0.292725220055189 -0.0278128577730334 0.955787754528469
1556175087.41119  0.137172912420942 0.0107373544485346  0.137573587878432 0.00260327783497384 0.306638858556743 -0.0301868843087186 0.951343568529931
1556175087.54039  0.135574223431577 0.0110250374918694  0.136381391125113 0.00214999075653833 0.32377896989273 -0.0327983196306637 0.94556164602016
1556175087.6696  0.137041335547177 0.0109529954301867  0.137629321375913 0.00188381527963164 0.339560975621106 -0.035196106722547 0.939923416639255
1556175087.75573  0.137395646866182 0.0109469849961217  0.137834442337259 0.00206872567262946 0.351551999247471 -0.0358877752530138 0.93547794190274
1556175087.928 0.137544744735107 0.010949173640175 0.137720717542639 0.00282228380544834 0.378051433451598 -0.0376930083774927 0.925012640723773
1556175088.01413  0.137589877795965 0.0109327383998206  0.137168509029549 0.00246614344817189 0.391286429196779 -0.0403338023907477 0.919381331574462
1556175088.1864  0.138027599677864 0.0109056736346434  0.136684706162894 0.00209851540579225 0.417456320019752 -0.0432801578901438 0.90766328836285
1556175088.27254  0.138612444355692 0.0108525759139386  0.136359259752746 0.00365820812365511 0.431560208647338 -0.0444329382604154 0.900981752214292
1556175088.40174  0.139824594454834 0.0105913061161633  0.135471045727768 0.00345756426244131 0.454200957353118 -0.047918635946973 0.889602911369935
1556175088.53094 0.141112616306009 0.010458156494024 0.134285733586531 0.00283035770550424 0.47638348248425 -0.0510324124948501 0.877750795822136
1556175088.61707   0.14264474217718 0.0102825760970651  0.133045072734178 0.00360582018491699 0.490585664970324 -0.0541835943137613 0.869699282219815
1556175088.70321   0.14354492067799 0.0102394571485648  0.132267997871358 0.0036913192541091 0.503532626552677 -0.0574867792126952 0.862053674880444
1556175088.78934   0.145054683853084 0.00999181651655678   0.131011407361348 0.00276982746295648 0.515996670081706 -0.0588579546727701 0.854561586833948
1556175088.91854   0.147656663601416 0.00979456133706546   0.128727130884523 0.00658814783836046 0.531118406293961 -0.0594471847944474 0.845183924967718
1556175089.04775   0.150779537564935 0.00963708747022742   0.125921557205024 0.0081405348922817 0.543083066801439 -0.0584280960891346 0.837604125964414
1556175089.22002   0.153259423850182 0.00985533720213722   0.124377857608683 0.0091668932335023 0.555277828220172 -0.0575118814229792 0.829623339263502
1556175089.30615   0.155281887043689 0.00966958991264823   0.122715632540491 0.00896510766289756 0.557680313055724 -0.0583771772103143 0.827951931246989
1556175089.47842    0.15742762905066 0.00944681726021344   0.120955069050086 0.0110366179881475 0.562045260471158 -0.0603672849635717 0.824826714620361
1556175089.56455   0.159943939586546 0.00917521929058549   0.118331997847099 0.012104183767134 0.562039237983293 -0.0601948420403002 0.824828445614138
1556175089.86602   0.162473211463137 0.00880266797107568   0.116077745992812 0.0138352553922071 0.567497166825969 -0.0598514996348121 0.82108059856764
1556175089.99522    0.16314211715444 0.00860526137549902   0.114633091038985 0.0148749940271831 0.569204664013162 -0.058813134531474 0.81995475498648
1556175090.12443   0.165908881579624 0.00801861494833469   0.110865042918526 0.0157249970283416 0.568445180099051 -0.058256131723947 0.820505347214251
1556175090.25363 0.165500194658288 0.007936170189089 0.111212177301734 0.0171570123807849 0.572598838489508 -0.0595890475131131 0.81748721855642
1556175090.33976    0.16666715818013 0.00766603068501553   0.109551428755101 0.0175684097373821 0.57335217058786 -0.0610064217373738 0.816845674511588
1556175090.51203   0.167635320107563 0.00723981416733988   0.107013410775263 0.0170257433573335 0.578483989682626 -0.0610292657272596 0.813229258246894
1556175090.59817   0.170029580137731 0.00663213914921646   0.103089948185067 0.0170294239586488 0.579137669557296 -0.0613117394423845 0.812742535509204
1556175090.77043  0.170158436190379 0.0065589632900783  0.102183922019013 0.0183896546517882 0.588552843410916 -0.0648003158960276 0.805647745714272
1556175090.85657   0.171554069614152 0.00610860670153158  0.0997192596135866 0.018745965966825 0.591555879160694 -0.0662129990139238 0.803321896472374
1556175091.02884   0.172432154138877 0.00561643744736081  0.0967722642267415 0.0210310457055871 0.602470556940588 -0.0669630757328168 0.795048973098279
1556175091.11497   0.174227239717737 0.00503047107757252  0.0925416344849735 0.0221294082537539 0.604580978187392 -0.0677206666251196 0.793351146350822
1556175091.28724   0.174470187707745 0.00487471610744509  0.0908250788821018 0.0224482808557748 0.617218501838236 -0.0688860406441912 0.783448855433175
1556175091.37338   0.176354338832103 0.00442837764995815  0.0865342004733872 0.021965257281936 0.620382551508955 -0.0690449152304579 0.780945463484228
1556175091.54564   0.175664338409871 0.00439689616752592   0.084776265954214 0.0233681150392877 0.636451853996102 -0.0707344969386851 0.767710622361881
1556175091.63178   0.176813236495671 0.00375620610903575  0.0803702663102349 0.0238122307414427 0.641716024475254 -0.0698575649725226 0.763382893582835
1556175091.80405   0.176461321570632 0.00370568060546676  0.0786495135303545 0.0245213213674356 0.657936717862178 -0.069483305403721 0.749459839055645
1556175091.89018   0.177510417526135 0.00350411180511836  0.0753288742875976 0.024308664975017 0.662758954331224 -0.0684379603136216 0.74530255792465
1556175092.06245   0.176776154204218 0.00320013557867209  0.0746349561807876 0.0242794081647414 0.675269647850666 -0.0695045845456012 0.73388727047003
1556175092.19165   0.177440571422597 0.00330410338691121  0.0729382616491731 0.0275205594720054 0.681426052270782 -0.0728296512587387 0.72773415200232
1556175092.32085   0.177316340376116 0.00294666569024467  0.0729942344842613 0.02869806640814 0.6892910329932 -0.0760392669611947 0.71991132974805
1556175092.45006   0.178134559342414 0.00301394205154414  0.0718527794595906 0.0303098668013095 0.694518596446611 -0.0758383404453673 0.714824298189988
1556175092.79459   0.182141043064571 0.00296908705054424  0.0726825097970004 0.032226297852795 0.707406859742229 -0.079373867663266 0.701595887707815
1556175092.96686  0.184623007524874 0.0030165024129779 0.0731232374638073 0.0330244612010123 0.714710345632567 -0.0823817473704756 0.693766354407841
1556175093.09606   0.186938149527757 0.00291402359374543  0.0737460351084657 0.0312432778815287 0.72123435109355 -0.0828955133952192 0.687003058398452
1556175093.22526  0.187643924374731 0.0029487203458355 0.0744118343150266 0.0296375334190293 0.727232502303464 -0.0841347550629643 0.6805702367844
1556175093.39753   0.191321969391457 0.00299603745232957  0.0749513403468039 0.0313212665686413 0.734281688889838 -0.0853389093944109 0.672730741207057
1556175093.48367   0.191380080667352 0.00285772848362592  0.0754759317767826 0.0307343688453356 0.738473888732623 -0.0871318343586419 0.667921969748783
1556175093.61287   0.194269855068011 0.00315270565697908  0.0759537175581025 0.0291189226440478 0.743796253228091 -0.0887073223490446 0.661853634113742
1556175093.74207   0.194726034423791 0.00280585693751713  0.0758579932563388 0.0267786155617577 0.749344581426827 -0.0890595105456291 0.655617272207056
1556175093.87127   0.196210680769321 0.00339375883579552  0.0771565555158388 0.0259762799297131 0.757315419440888 -0.0897927158960297 0.646324884659487
1556175094.00047  0.196701239477283 0.0027596213851581 0.0761740313264176 0.0250973133119756 0.765208236773161 -0.0903955790686344 0.636910604813484
1556175094.12968   0.198374718722125 0.00328023854241119  0.0768707790020261 0.0255711926291952 0.773917383701755 -0.0934696738228055 0.625828584667727
1556175094.25888   0.197824878330059 0.00268600072597708  0.0753880343911349 0.0266612787564909 0.781366714574897 -0.0945329464586875 0.616294374145456
1556175094.38808    0.19818413916456 0.00326925759729985  0.0760890983666251 0.0295454633691557 0.791404923801035 -0.095906332301277 0.602998580099735
1556175094.51728   0.198282580447182 0.00269867447763293  0.0744403168668736 0.0291426388868067 0.799434192057114 -0.0967440221737968 0.592196144315664
1556175094.64648   0.199333730683751 0.00289728343002296  0.0745441893784613 0.0304249177190185 0.80890232165036 -0.0961416511661598 0.579230646048268
1556175094.77568   0.198046574145576 0.00265741639059028   0.073654847682259 0.0319316324596892 0.81827574698368 -0.0964897748555841 0.565769295822138
1556175094.90489   0.198891295313355 0.00281039299515928  0.0730824897574515 0.0326900862864433 0.827941039344204 -0.0960998015672771 0.55155219314853
1556175095.03409   0.197456473267699 0.00280195297443366  0.0721774556654444 0.032698042017784 0.835342699704276 -0.0959319596755571 0.540305905216463
1556175095.16329   0.198447275410437 0.00275136667625474  0.0720725971031186 0.0325794281618791 0.841958451785478 -0.0953820443849707 0.530044160364577
1556175095.29249   0.197218663932554 0.00287450862301533  0.0713441986792594 0.0334057100738042 0.847469764505138 -0.0949588349980883 0.521211930446605
1556175095.42169   0.197717994021357 0.00268625602533307   0.071238357788686 0.032572068707813 0.853145753793957 -0.0958133779664233 0.511762815888473
1556175095.55089   0.19691912134647 0.0028396708497155 0.0705231921958201 0.0326146896471549 0.858118018554099 -0.0981013824391894 0.502937239638831
1556175095.72316  0.197598045360441 0.0025230597134369 0.0700516123018899 0.032552827611664 0.864010424457661 -0.100544825918339 0.492257085092768
1556175095.8093   0.196833753194529 0.00237820689539261  0.0692781568407424 0.0326033328044597 0.866474259659731 -0.100775704467268 0.487856164690259
1556175095.98157   0.197300644428923 0.00218163947973594   0.067982654661469 0.0314929503547055 0.871602861226947 -0.104762848317829 0.477850805159196
1556175096.0677    0.19679930571919 0.00202973275114921  0.0670230727945401 0.0320003657372884 0.875226854423167 -0.105058687279054 0.471080250187174
1556175096.1969   0.197196421081234 0.00196337112327304  0.0652311461430352 0.0308428051509864 0.879173824221503 -0.107483997569136 0.463194665816343
1556175096.3261 0.197178427479541 0.001434309333771 0.062838587182527 0.0282615712433062 0.881478026581367 -0.107963603131115 0.458848158592824
1556175096.49837   0.197887780299421 0.00170039393355483  0.0585118113339575 0.0279078722481662 0.883009866684108 -0.104227835461461 0.456783629654252
1556175096.58451    0.19828486095766 0.00133218156704737  0.0563678527180075 0.0271358992572854 0.884251021660459 -0.102907615389256 0.454723868252844
1556175096.75678   0.198912184109881 0.00150638592971383  0.0509506311170244 0.0293435954827184 0.884666045003031 -0.104025102314483 0.453523671169767
1556175096.84291    0.199232399083468 0.000889455104802477   0.0483030348727795 0.0299146097731824 0.884371282188278 -0.103385077799617 0.454207086086453
1556175097.01518   0.200066887538064 0.00108083935976182  0.0431143485802164 0.0319917216584114 0.883484762813686 -0.10280587346496 0.455919023514573
1556175097.10131    0.200434386516452 0.000518194692829425   0.0403092685693172 0.0310635942016659 0.883434831480807 -0.102165873673804 0.456223723515361
1556175097.27358    0.200671093039281 0.000268290421248339   0.0348650983348822 0.0331611716977699 0.881533723672922 -0.103785330354292 0.459377008482394
1556175097.35972     0.200766142466027 -0.000763809936182927    0.0320097672108099 0.0330887157135025 0.880110261479182 -0.104245649325948 0.461999901653766
1556175097.48892     0.201214977675997 -0.000794874140070886    0.0286060527039474 0.0346918858340518 0.876984425374268 -0.103450175616269 0.467966720903534
1556175097.61812    0.201555270066212 -0.00175630865104008   0.0252485849259676 0.0362694907956071 0.872654411900722 -0.10199332238814 0.476189209890209
1556175097.79039    0.201770922784468 -0.00246795491736255   0.0218383255816814 0.0403715410134733 0.867342933782023 -0.101546425713977 0.485566367574306
1556175097.87652   0.201848446128045 -0.0032268191952697  0.0200014257184672 0.0407006961454067 0.864642618983083 -0.10544411696283 0.489508051996373
1556175098.26413    0.204968875088153 -0.00466129406125696   0.0149039073523602 0.0411489376428453 0.861806609430683 -0.116208811417264 0.492028093731894
1556175098.4364    0.206289951295357 -0.00570855771680771   0.0126124100016398 0.0453260165322708 0.863425557886441 -0.115377795191696 0.48900902097048
1556175098.78093    0.212510493375401 -0.00544111307149173  0.00649120345247567 0.0438753297893465 0.86775043277944 -0.113566867962693 0.481857560227206
1556175098.9532    0.215486934748796 -0.00642275399531664  0.00375651231088031 0.0445989423313262 0.869910499458725 -0.115322514957001 0.477459291268261
1556175099.29774    0.221985127003053 -0.00646488908410044 -0.00328840350247217 0.0425405070860462 0.875527610288568 -0.117348268301857 0.466766636346052
1556175099.47001    0.224779937039929 -0.00682325778086101 -0.00526182900170813 0.0398844155109056 0.878369870025522 -0.118470280969628 0.461346287898449
1556175099.81455    0.230403656841987 -0.00776533060776567  -0.0101399572402822 0.0398937625747353 0.883903330825906 -0.119959320921554 0.450258981905458
1556175099.98682     0.23200333046574 -0.00872242881326798  -0.0111045770353769 0.0362998965043901 0.888549596730115 -0.12052064008241 0.441176503203249
1556175100.33135    0.234725206199651 -0.00985822788074243  -0.0165805981384156 0.0355009325918671 0.888684554339237 -0.126705817380255 0.439232378708561
1556175100.50362   0.235098951628733 -0.0102069198340083 -0.0190003481280357 0.0348239136986115 0.886477065263207 -0.126796587779116 0.443698470951407
1556175100.84816    0.234214633510943 -0.00994134256553861  -0.0258952197056845 0.0402210530884059 0.890565363904482 -0.124260870838242 0.435700396466034
1556175100.97736    0.233034667067546 -0.00989776746213279  -0.0280027098099322 0.0414369000980461 0.89522603064841 -0.123620771405021 0.426111772000005
1556175101.10656    0.232154407947852 -0.00984410633980574  -0.0301440985992226 0.0446654710929377 0.900355219969611 -0.123279499341453 0.414930884133297
1556175101.23576    0.230968229819735 -0.00977685642705341  -0.0315249417649092 0.0445820782552397 0.905168916996536 -0.125015058184822 0.403798099585433
1556175101.40803    0.229675875927279 -0.00995463101546498  -0.0340400601756459 0.0454824701143129 0.911574918943482 -0.128974319318593 0.387721726270001
1556175101.49417    0.228522351431489 -0.00991858315981907  -0.0348210434794412 0.0466629731391769 0.915604087513923 -0.130312078488293 0.377505607992346
1556175101.62337   0.227110459111658 -0.0100170781550506 -0.0370763284221833 0.0448102350870322 0.922275996033799 -0.1314864312565 0.360708120738554
1556175101.75257   0.226192172648438 -0.0102363764344374 -0.0380638720931616 0.0428533701645119 0.929232560551848 -0.132434492077123 0.342274074951747
1556175101.88177   0.224208101181395 -0.0102706074840676 -0.0405135713896777 0.0433622572599972 0.934294884767843 -0.1326617205567 0.3280451963387
1556175102.01097   0.222861177999108  -0.010375122497018 -0.0418293238755212 0.0435188799968973 0.938597353756679 -0.133602638518362 0.315105457879909
1556175102.14018   0.222057858942145 -0.0106487425736987 -0.0433157196903942 0.0450423918677532 0.942023617697517 -0.134440913024087 0.304118936503737
1556175102.26938    0.22129283402498 -0.0105674487782678 -0.0444368416363663 0.0458586888200872 0.944444883180974 -0.135140600487469 0.296070703368072
1556175102.65698   0.220199111324125 -0.0111141633316954 -0.0497188778651179 0.048130247541319 0.946586843104247 -0.13758675515151 0.287622517443306
1556175102.82925   0.220184063865989 -0.0106332620800878  -0.050414049404339 0.0472927666594441 0.946864114058526 -0.136313107868816 0.287455179728951
1556175103.13072   0.216880194972834 -0.0107556254434803 -0.0576777491560017 0.0506683907483962 0.942406341145337 -0.136727545662138 0.301012592104109
1556175103.30299   0.215910488184075 -0.0113463847326593 -0.0594594274694059 0.0527186301588287 0.93818182521587 -0.137881656636437 0.313088258534215
1556175103.47526   0.213216755058591 -0.0122522192169918 -0.0644920180616593 0.0574489615202048 0.934557864827231 -0.135007831370527 0.324151352886958
1556175103.56139   0.212228622140599 -0.0122374711929477 -0.0652892110752497 0.0587849207027556 0.933012128102472 -0.133736876790589 0.328857339431503
1556175103.69059   0.211242498020656 -0.0134059755001847 -0.0678027937532371 0.06003316139681 0.929237279983587 -0.135261011175455 0.338553623340829
1556175103.8198   0.210330190171583  -0.013486141882185 -0.0683467229910381 0.0577411004532716 0.927804058380603 -0.136397012171431 0.342405387868875
1556175104.2074   0.208893505767601 -0.0150494400264504 -0.0713559085248962 0.0589454814837117 0.925744649959136 -0.13509384170796 0.348241191155319
1556175104.37967   0.208113451317373  -0.014791058572861 -0.0711759363607607 0.0599535679404893 0.924687531420904 -0.135178622687219 0.35083511639274
1556175104.72421   0.205488530578228 -0.0157281304265456 -0.0722404451767612 0.0628484892733054 0.925858192266144 -0.126839618955599 0.350354657843919
1556175104.85341   0.202430126429738 -0.0157617297039442  -0.073342931421997 0.0659019752621406 0.923947606521023 -0.127586507301796 0.354541158703964
1556175105.02568   0.199877619251415 -0.0164094399765054 -0.0739750855962725 0.0659335057927238 0.921378947475945 -0.129449021179222 0.360494880515303
1556175105.15488   0.197737140155053 -0.0160880600559984 -0.0728312587684747 0.0648855649594876 0.920940409785554 -0.129033138362116 0.361951756852107
1556175105.49942   0.192641891802226 -0.0165996895695166 -0.0715836297527785 0.063298827180958 0.917656636747416 -0.127266472444526 0.371083279739823
1556175105.62862   0.190758617496758 -0.0164082607674854 -0.0693693847195574 0.0649604563404736 0.915858723856089 -0.124789320679671 0.376045957953333
1556175105.97316   0.187280347349465 -0.0164527208820782 -0.0661383744476053 0.0663772068765611 0.907582511607428 -0.124842376836419 0.39535102374656
1556175106.14542   0.184712834172231 -0.0161331572560685 -0.0647307878781036 0.0644598160671036 0.901552278910174 -0.123940351815482 0.409496287768671
1556175106.27463   0.184326399559561 -0.0169991362264952 -0.0638809946606398 0.065326996907193 0.89644848734172 -0.125959791285101 0.419817369813641
1556175106.40383   0.182852941380788 -0.0165370845645982 -0.0617935788591046 0.0650729775983852 0.890658618472741 -0.128724691522682 0.431187530801969
1556175106.53303   0.182752231150708 -0.0172718097083953 -0.0603210945260527 0.0645298957045813 0.885940358250769 -0.127914413633518 0.441116171736708
1556175106.66223   0.181334642617216 -0.0162324308465195 -0.0583246580215527 0.0653615655094047 0.878352565661898 -0.129376725561113 0.455506639943268
1556175106.79143   0.181891754772281 -0.0171500225513737 -0.0571336654536024 0.0622771385289878 0.870002028540064 -0.129675289577141 0.471595533933368
1556175106.92063   0.181265818169349 -0.0161942489757599 -0.0553293487621563 0.0609507289702615 0.861413476225077 -0.128577471360382 0.487565037173907
1556175107.04984   0.181754740888622 -0.0163020863310811  -0.054685338491238 0.0590943312827137 0.851471635772274 -0.126195410542607 0.505547853168738
1556175107.13597   0.181661158626803 -0.0162157526388443 -0.0542582815059885 0.0569601969799404 0.842834511088938 -0.12785363200986 0.519652741414269
1556175107.2221   0.181769264876099 -0.0162589681973184 -0.0539010673674559 0.0565354068306298 0.833959898341472 -0.129212186718676 0.533496810239906
1556175107.35131   0.181661832962632 -0.0161011222006004 -0.0540629806567479 0.062448224723312 0.823213250552987 -0.123272722193898 0.550657787837236
1556175107.43744   0.180810309948828  -0.015727230245468 -0.0541375826851435 0.0655079402064025 0.816874462926071 -0.115223255728343 0.561380818098124
1556175107.56664   0.179694136638642 -0.0153772097679265 -0.0544046206675169 0.0620149918755936 0.803899297485554 -0.110799549381562 0.581053801417516
1556175107.65278   0.178975502422124 -0.0152264696602628 -0.0546863164033311 0.0602086306125511 0.793738732722166 -0.109950652944949 0.595201309552785
1556175107.73891   0.178098730608308  -0.014936031347532 -0.0548456734319851 0.0608745961068839 0.784730803509213 -0.107478519358857 0.60740449245049
1556175107.82505   0.177369492974189 -0.0144183240636094 -0.0556970391906288 0.0621964137733174 0.775652644971368 -0.105246338183787 0.619207387521792
1556175107.95425   0.175564754678609 -0.0143302609881001 -0.0564862730061262 0.0598042605319364 0.764052078240004 -0.101895770989918 0.634243741800997
1556175108.08345   0.174256988637231 -0.0135489759244285 -0.0570282255953463 0.0591846734461424 0.751248421333368 -0.0973803610510045 0.650107721193013
1556175108.16958   0.173009389809972 -0.0133877202025186 -0.0574576275050932 0.0588944474684482 0.741770996634247 -0.0938163213340531 0.661442159573283
1556175108.34185   0.170964136530551 -0.0125928847680336 -0.0581373047953959 0.0583321244605924 0.721290289830424 -0.0895892499605224 0.684332848359457
1556175108.42799    0.16970029388194 -0.0122293931571137 -0.0584949872990246 0.0585711535521854 0.709648800509429 -0.0894121733090772 0.696400361265876
1556175108.60026   0.167241463144014 -0.0113376817035238 -0.0593256546782027 0.0597717161560832 0.68599723110377 -0.0869139809583211 0.719917426362006
1556175108.68639   0.165751660668109 -0.0108879582644066 -0.0596887821913953 0.0604373114708163 0.673943475939097 -0.0843746756818586 0.731456380603033
1556175108.85866   0.162772514550825 -0.0097881869035666 -0.0602524002030299 0.0599503706002758 0.650862730239326 -0.0809400869547402 0.75248412725722
1556175108.94479    0.161206002652673 -0.00921679235759276  -0.0606795253046606 0.0608809399018629 0.641133277316502 -0.0801385687447709 0.760801841265915
1556175109.11706    0.159093754033493 -0.00843200160864933   -0.061785791000021 0.0615198394839332 0.62445957102745 -0.079469950043179 0.774564445699788
1556175109.24626    0.155680967263734 -0.00733664097563161  -0.0620778103238328 0.0628314299424663 0.615713951466971 -0.0775148040521712 0.781626507056322
1556175109.37546    0.154700290215325 -0.00688490700555364  -0.0627947889213462 0.0636157205732618 0.607879721317641 -0.0750599901306095 0.787909437935811
1556175109.50467    0.151719398607315 -0.00593679385435519  -0.0626815239622783 0.0611278628396352 0.600412449985707 -0.0759912502309253 0.79372136431821
1556175109.63387    0.151746178036477 -0.00585949903994398  -0.0630087147915349 0.0594836691293136 0.592474444648952 -0.0715083592355151 0.800201399714018
1556175109.76307    0.149578714916252 -0.00523305884166672  -0.0621993371516366 0.0549870979542208 0.58990814930646 -0.0701730304731468 0.802533824978496
1556175110.10761    0.144750707057956 -0.00341513651775535  -0.0628658647894501 0.0520277165895704 0.576084188559311 -0.0753362465433547 0.812246621633599
1556175110.27988    0.141255715754258 -0.00223858226657504  -0.0625916342558632 0.053548073124017 0.570244629141247 -0.0769498179922387 0.816108076366867
1556175110.62441    0.133947463948175 0.000439459617485753  -0.0643925664373104 0.0526456110094727 0.558870776646334 -0.0766003902512442 0.824029292480261
1556175110.79668   0.130121195278081 0.00173192077357437 -0.0641950581905737 0.0554723935353337 0.556250075358797 -0.0786922815032394 0.825418797975069
1556175111.18429   0.123077125041072 0.00435335763347526 -0.0672553669853814 0.0620667581612661 0.553937632205137 -0.0736555655874773 0.8269677592363
1556175111.31349   0.120492993220235 0.00519524249343826 -0.0676687093848062 0.0611863523422254 0.55554555522719 -0.0732781075377727 0.825987702880648
1556175111.70109   0.11611802717441  0.006948977010658 -0.070034384559148 0.063160934170126 0.550148539862446 -0.0779234863631789 0.829020633491702
1556175111.8303   0.114877190267193 0.00718815597178401 -0.0699482310376535 0.0639389806024889 0.548554866608746 -0.0746868023379078 0.830313944623306
1556175112.2179   0.111130757668189 0.00875252927744598 -0.0712006426417001 0.0677812242072888 0.542617214306287 -0.0683336068883567 0.83444759125608
1556175112.3471   0.108902307524271 0.00947566585936611 -0.0713419376872203 0.0661233147673864 0.54180636934068 -0.0681039455930733 0.835125989285868
1556175112.69164   0.102595520070662  0.0117991377483366 -0.0701571025249284 0.0676925891220569 0.553447590702925 -0.0761528568732678 0.826628223636914
1556175112.82084  0.0992783652401668  0.0129405676208382 -0.0695555890176174 0.0700360582060423 0.563136288745471 -0.0786199677338856 0.819628801057198
1556175112.99311  0.0959784231935451  0.0143701505956471 -0.0694504922134061 0.0739015598510746 0.571911711546645 -0.0785636744686003 0.813193275120593
1556175113.12231  0.0928402503580433  0.0152170902182691 -0.0684463063130218 0.0754069925859138 0.578796558501216 -0.0792969704328924 0.808096726770046
1556175113.25151  0.0900967161481116  0.0163732716043711 -0.0677089227219537 0.0732217350858331 0.581528698007736 -0.083095229806072 0.805951694388643
1556175113.38071   0.087160466308242  0.0174014365038002 -0.0682552882232002 0.0725195538880364 0.582632336077624 -0.0836930979544601 0.805155848650059
1556175113.72525    0.08066682223875  0.0197665718628965 -0.0654560796467111 0.0766024868201648 0.584906165319568 -0.0792988785151048 0.803572351845415
1556175113.89752  0.0780247557217636  0.0205120712411776 -0.0641496183690993 0.0791017304190966 0.586652526131664 -0.0761942268766168 0.802356634931572
1556175114.02672  0.0763134579010585  0.0213218905131877 -0.0636787383906881 0.0819145841229814 0.58376488592218 -0.0787223144563331 0.80393492030068
1556175114.15592  0.0743291688577825  0.0217548530533807 -0.0605611163681121 0.0799594258830836 0.586846813157123 -0.0786336502514116 0.801894043591742
1556175114.28513 0.0726829511225797 0.0223806533016933 -0.058659853971249 0.0764643931553174 0.587817677853547 -0.0845366378406888 0.80092267482251
1556175114.37126  0.0715966450366381  0.0225369934640034 -0.0574354559490517 0.0752481303324776 0.590081835220906 -0.0858610525646986 0.799230271121081
1556175114.54353  0.0696200773389643  0.0232968239364608 -0.0536737658894394 0.0709125042159197 0.597854150278594 -0.0873017328245745 0.793675147139127
1556175114.62966  0.0682299684224202  0.0234077924216398 -0.0528632527190286 0.0679179755728664 0.600558556891117 -0.0873556038325119 0.79188734477702
1556175114.80193  0.0667600123088697  0.0239673987658571 -0.0477875640162485 0.067201070800817 0.608098410029676 -0.089750455758594 0.785904062525273
1556175114.88807  0.0657390601645139  0.0240946367009629 -0.0463724587837006 0.0669129871716348 0.61100910108732 -0.0938970508918931 0.783181890987042
1556175115.06034  0.0643081163685234  0.0243980299180562 -0.0417640967261514 0.067680367002244 0.620819100696049 -0.0990458187422405 0.774721200124967
1556175115.14647  0.0633824672418713  0.0243836431881703 -0.0413710836825815 0.0663017043051466 0.624403093288114 -0.101705441171222 0.771609269212491
1556175115.27567  0.0619034530174826  0.0247549779947571 -0.0374928730850356 0.0619803071336128 0.635218107445587 -0.102929483813119 0.762929825647703
1556175115.40487 0.0605470319904608 0.0247481758366239 -0.035823926584395 0.0587460568537868 0.640386724828531 -0.101488628339116 0.759047957500291
1556175115.57714  0.0595258654324335  0.0250720411824548 -0.0322978288975953 0.0597520204790397 0.634719525453681 -0.0961426463018998 0.764406574813819
1556175115.79248  0.0593284661144584  0.0253201944021537 -0.0290950213383154 0.0634048806842442 0.608749774687758 -0.0947658410410703 0.785126084329644
1556175115.92168   0.059237379924036  0.0251867163217175 -0.0277367724442879 0.0643017030408334 0.593661438809419 -0.0907786481075453 0.796988471751345
1556175116.05088  0.0593847459566296  0.0251742988900073 -0.0255323245628553 0.063488007217527 0.581560448027649 -0.0902813567366613 0.805981386171676
1556175116.18008  0.0595622031955806  0.0250156368890302 -0.0253013958930346 0.0636434020462073 0.569524955352572 -0.0896500315430911 0.814588064269886
1556175116.35235  0.0599077533942555   0.025036423945283 -0.0229581834567657 0.0663497172980569 0.557678695946031 -0.0893533469624298 0.822561952979235
1556175116.48155  0.0598725670676266  0.0249968973645137 -0.0223803230656954 0.0663206183557803 0.55243578333314 -0.0891539826768409 0.826116122737515
1556175116.82609  0.0601639486554464  0.0250751580613162 -0.0202441680638645 0.0628619919625998 0.54331638328836 -0.0847171037825399 0.832873753904905
1556175116.95529  0.0600427027050323  0.0250802820937629 -0.0201408207625304 0.0629125752886571 0.535829018341015 -0.0851993279096373 0.837657654115331
1556175117.12756   0.060430761995648  0.0248558612425573 -0.0186228264081729 0.0630469923204091 0.523938901852752 -0.0853314239542027 0.845122270426375
1556175117.2137  0.0603742493269453  0.0248316413072045 -0.0180252532361214 0.0613591737832779 0.516946769522832 -0.0852720157186955 0.849546804247896
1556175117.3429  0.0602769017513579  0.0249741817848344 -0.0169893644857265 0.0599440980536854 0.504827514022405 -0.0835648353055233 0.857072228283503
1556175117.4721  0.0598257000093601  0.0251101064391031 -0.0159922656631678 0.0584853683242316 0.489883083921602 -0.08147942600132 0.865999497065637
1556175117.6013  0.0597185360915196  0.0251969263035418 -0.0147501175530701 0.0578526137351364 0.472446369683057 -0.0799385957973372 0.875818088280474
1556175117.7305  0.0593726521424879  0.0251986430554547 -0.0136243757274992 0.0567060617839662 0.453979097780583 -0.0788271646919904 0.885705187656651
1556175117.9889  0.0584217465151789  0.0254654189646909 -0.0118194201230397 0.0549370583996344 0.420694035416488 -0.0786576069135311 0.9021149755181
1556175118.11811   0.058077567278196  0.0258436135667392 -0.0114543832767788 0.0533927700900987 0.406810061945817 -0.0769596443850068 0.908697968930205
1556175118.24731  0.0576792927437641  0.0257958048161572 -0.0107686715964876 0.0528244320952221 0.392498140650437 -0.0782345710992459 0.914895699435014
1556175118.37651   0.057478233380381  0.0261330875721238 -0.0101639064519159 0.0537121409999624 0.379705630320198 -0.0775613295885508 0.920284130236308
1556175118.50571   0.0568768452500573   0.0262653463391546 -0.00906211635862697 0.0541598736215728 0.369051940831676 -0.074658557644677 0.924820778760991
1556175118.63491   0.0568646887816144   0.0266589316814435 -0.00844365987576658 0.0536489877774784 0.357242986781648 -0.0745848676296196 0.929481754541988
1556175118.76411   0.0565642012817323   0.0267162304272919 -0.00748080073511173 0.0523228859880032 0.348796293160396 -0.0739764744838534 0.932808095324217
1556175118.93638   0.0565818265614295   0.0273524112572657 -0.00610053191246515 0.0518587773875634 0.339149778140494 -0.0727284565949323 0.936482069660941
1556175119.19479 0.0567430132931729 0.0279904177502393 -0.003227465715842 0.0507044533315474 0.324062136922956 -0.0718150590941581 0.941942348083246
1556175119.28092  0.0561310182723334  0.0282513786537705 -0.0013238164844649 0.0499503980646563 0.319324141088817 -0.0712171026138493 0.9436446232276
1556175119.41012    0.056263970201111   0.0288550623536169 0.000372832462228486 0.0508228659339828 0.30887269647605 -0.0712067066477481 0.947071432679844
1556175119.66853  0.0558900893275989  0.0298354671815083 0.00458239046436695 0.046131681151161 0.286153128903743 -0.0683092931032117 0.954631916127104
1556175119.79773  0.0554291701962767  0.0305002522308735 0.00679675152017156 0.0465719115917473 0.274555071619849 -0.0697262785255912 0.957908563372038
1556175119.92693  0.0551915373363931   0.030671286688734 0.00892063785394671 0.0475840745154838 0.263469524519047 -0.0693280616141099 0.960995934109527
1556175120.18533 0.0542888215598064 0.0314610979305839  0.012861707830589 0.0480231018582787 0.245211455389868 -0.0705211012839444 0.965707977655353
1556175120.31453 0.0536896410470771 0.0317683557177303 0.0145860014452578 0.0496275243529533 0.237656230873835 -0.0714934939312238 0.967442662424469
1556175120.44374 0.0533726585273416 0.0316839454561957 0.0162362175293148 0.051093702026435 0.228921440747795 -0.0729159110903239 0.969364574084001
1556175120.70214 0.0523536122497018 0.0321155095638685 0.0191310551702091 0.0499078027080919 0.214850664306687 -0.0754123200056577 0.972451225135323
1556175120.83134 0.0516864220474462 0.0326757667469667 0.0203347353100778 0.0498713311051706 0.207584468594591 -0.0755619184911685 0.974018447056335
1556175121.00361 0.0513247186514996 0.0327687488181716 0.0221750721325546 0.0487087732465664 0.198309014238167 -0.074061690657364 0.976122869447117
1556175121.21894 0.0506119552812676 0.0332375983950683  0.024059157684146 0.0484564526702082 0.186265233594857 -0.0710063040900038 0.978731495216104
1556175121.34815 0.0500708980860488 0.0337897386087185 0.0253693428780843 0.0495063311162909 0.179974838110476 -0.0680889674524521 0.980062280336189
1556175121.69268 0.0488841957039695 0.0342468419596293 0.0283185856211357 0.0487883922431632 0.163883734385378 -0.0652138544822891 0.983111879477505
1556175121.86495 0.0490507499267265 0.0340482430029656 0.0294377283632909 0.0482418416430892 0.153165895111783 -0.0643333252012426 0.984923426748517
1556175122.12336 0.0484206333190915 0.0340397242072021 0.0312839861075686 0.0481497035515571 0.139940340793393 -0.0641192543039584 0.986907811446455
1556175122.25256 0.0481031768913721 0.0340422132804259 0.0317707564324168 0.0495136012808066 0.132116238197335 -0.0628944098767184 0.987996961583916
1556175122.38176 0.0478391661175283 0.0344068144827392 0.0327002278146049 0.0494799517514706 0.124486167599816 -0.0608263708129705 0.98911833521814
1556175122.51096 0.0473517818207333  0.034234215443601  0.033353747459829 0.0492014226192072 0.11482399524859 -0.0604320492496896 0.99032451123401
1556175122.64016  0.047482888676491 0.0344168774453063 0.0338433144105119 0.0505643054772172 0.103934751950076 -0.058326717285742 0.99158399160099
1556175122.76936 0.0471469153466992 0.0342055691167885 0.0342070897019614 0.0517682797925401 0.0960422597975822 -0.0567285158500061 0.992410099217935
1556175122.89857 0.0470826870054571 0.0345753379358954   0.03481672543697 0.0518372934609609 0.0914067852130312 -0.0553752414444345 0.992920579532236
1556175123.28617 0.0464007454283531  0.034438829063909 0.0350865198529857 0.0485699706615979 0.0809416281684046 -0.0519932509118083 0.994176097398746
1556175123.80298 0.0442581899463924 0.0347570994100576 0.0355352129305384 0.0496277344941845 0.0686818931521805 -0.0483353010760999 0.995230417637991
1556175123.93218  0.043964430024611 0.0351079414809125 0.0358545761052943 0.0496886395397859 0.0682004338815562 -0.0469018207253389 0.995329070775942
1556175124.06138 0.0435515452144903 0.0347824288531121 0.0356591278067318 0.0499237259600264 0.0684506732640692 -0.045868389888677 0.995348289657939
1556175125.09499  0.041177240626533 0.0354107037279118 0.0353798609909929 0.0460124779828287 0.0772393285518132 -0.0404378849539755 0.995128994379721
