1556175073.67276  1.90458388825441e-05 -2.37921715077319e-05 -1.68758723157465e-05 -2.36730673258312e-05 -2.26611914012023e-05 -2.0067442671332e-06 0.999999999461015
1556175074.36183 0.000528578899892331 -0.00253702702725759 0.000894076973530763 -0.00278112604164297 0.00122687380026846 0.000534399475015414 0.999995237256568
1556175075.00784 -0.000246820158178041  0.000178006354652483  0.000644145998505477 0.00353201889499636 0.00262324256341995 0.000939878573549941 0.999989879983416
1556175075.69691 -0.000241764131227703   0.00021759454296242   0.00120291057704118 0.00461941634856791 0.00188417988036681 0.00183643695138179 0.999985869079209
1556175078.36708 -0.000938476677599348   -0.0021936192193791   0.00361478980205607 0.0120200997883463 -0.00163778751081446 -0.000791840334538178 0.999926101190499
1556175078.71162 -0.00371490193357683 -0.00184459251319952  0.00639518327642768 0.0265490587175739 0.0143530504516597 -0.0173365550627977 0.999394107088138
1556175078.88389 -0.00397432998021063 -0.00184411143369182  0.00768660354239837 0.0334721501972623 0.0299341988708416 -0.0252032027329011 0.998673298667356
1556175079.01309 -0.00571875692538143 -0.00141564316965361  0.00971523588385929 0.0375671869740429 0.0422294944777523 -0.0261485581644753 0.998058930707466
1556175079.14229 -0.00339580524384136 -0.00164497585797365   0.0122338552030706 0.0397176511815958 0.0430868006502223 -0.0249100943556473 0.997970702472541
1556175079.27149 -0.00191073695895173 -0.00102286937598822   0.0148896466310048 0.0365429632605578 0.0362943338685455 -0.0220656326449566 0.99842898646882
1556175079.35763  0.000407090327247879 -0.000911070003920698     0.017053631686051 0.0313729058639306 0.0295120382038307 -0.0162414561190334 0.998939935872944
1556175079.48683   0.00436369702387001 -0.000153760932120725    0.0202511331631228 0.0297485290253422 0.0194605546231886 -0.00779312430275351 0.999337570117419
1556175079.61603  0.00855694817599058 0.000120689136097431   0.0233456666949224 0.0292235725837963 0.0121646679016483 -0.00336047360625015 0.99949322702929
1556175079.7883  0.0130324107291453 0.00079602650628291  0.0265051151500252 0.0322325399567659 0.00801736362059654 -0.00195447020567154 0.999446329371781
1556175079.87443    0.015714823480609 0.000516398828056688   0.0283341859525438 0.0320246098612057 0.00430004357186666 -0.00238794863122041 0.999474978020887
1556175080.0467   0.0186744396207407 0.000733637191230745   0.0301880892483934 0.0314766500872824 0.00509632559417573 -0.00405745190928875 0.999483259013739
1556175080.13284   0.0210954249917315 0.000638983682074636   0.0312816149876178 0.0299681391801029 0.0036645702610526 -0.00348425760234828 0.999538064061517
1556175080.3051  0.0230515725317613 0.00088627292065882  0.0326657124967488 0.0297377781404047 0.00507988540381781 -0.00290460412105933 0.999540605773701
1556175080.39124   0.0250586103217028 0.000448054113058177   0.0334543320669219 0.0292581750844152 0.00570853371707068 -0.00360288780265632 0.999549093858332
1556175080.52044   0.0262665227052683 0.000758640335585838   0.0340123001582797 0.0316463085302373 0.0139384972801476 -0.00724842449046575 0.999375649989726
1556175080.64964   0.0281463065559137 0.000252044116608838   0.0349176682624423 0.0325757669910477 0.0229471188013668 -0.0132852941211595 0.999117485636086
1556175080.77884   0.0277617267797629 0.000198241566327487   0.0354660298145865 0.0312636986841368 0.0372735051959352 -0.0159928749125515 0.99868788663277
1556175080.90805   0.0301965731553752 0.000260308268445068   0.0366702929901156 0.0281257598795865 0.0492820721802901 -0.015260468165507 0.998272175863969
1556175081.03725  0.0302017536103781 0.00030994558611809  0.0380654133499271 0.0248245462774225 0.0589410852025214 -0.0164760497354943 0.997816731751068
1556175081.16645   0.0306702474944598 0.000555121877918077   0.0400752227696188 0.0209432276219947 0.0660083284218903 -0.0175110239163982 0.997445560337566
1556175081.51099  0.0320922490641613 0.00183940146933282  0.0460463937896067 0.0186000832893094 0.0734433771397248 -0.0162637748830683 0.996993278253417
1556175081.89859  0.0345149997002014 0.00317484897730236  0.0539288154217255 0.0197958698875096 0.0794901717037808 -0.0137725489266307 0.996543904217955
1556175082.32926 0.0367715642181989 0.0040672715041259 0.0608223329135302 0.0136452884641208 0.0860450045012472 -0.0180104196394857 0.996034983365304
1556175082.45846  0.0380361590664973 0.00413740407372259  0.0625581692492649 0.0144458009237543 0.0904340299844611 -0.018283863616833 0.995629803384612
1556175082.803  0.0403221239814071 0.00318065722577508  0.0660453597409639 0.0173551402715893 0.0924104782195776 -0.0313384677023188 0.995076380517322
1556175082.9322  0.0420908347073396 0.00384487929083958  0.0672387978784153 0.0178500729644724 0.0912543934044562 -0.0310126087473426 0.995184519914891
1556175083.06141  0.0446881531284521 0.00387476532057487  0.0682708218648156 0.0143711274520085 0.0877333827992771 -0.0261583615565391 0.995696773299498
1556175083.19061   0.046706988999512 0.00441872618725299  0.0694430513594018 0.0116433575531663 0.0828793973957927 -0.0196014606492834 0.996298760639907
1556175083.31981 0.0495714581699605 0.0043804159831183 0.0710177398461296 0.0109605607930021 0.0755764978508379 -0.0167094675575367 0.996939743802828
1556175083.44901  0.0523046662305348 0.00531298307545775   0.072439580200034 0.00978828211042781 0.0695016801801786 -0.0154587214016467 0.997414023321351
1556175083.57821  0.0544622511391546 0.00526909484308582  0.0736619351441431 0.00881043345731102 0.06537606936213 -0.0132548494366972 0.997733759468658
1556175083.70741   0.057446349798568 0.00585028218527791  0.0751100072697616 0.00989244558589134 0.0610290849856393 -0.0112936987484161 0.998023067205726
1556175083.83662 0.0599557929489944 0.0057076659515339 0.0761915407915973 0.0104365154266554 0.0583669775908638 -0.0107109164507656 0.998183175244625
1556175083.96582  0.0610940819073565 0.00668662001729321  0.0781279125753026 0.0116850920102676 0.0584965865866145 -0.0106771881059806 0.99816211390564
1556175084.31035  0.0686868725464052 0.00602279447607587  0.0794459679857885 0.0113930540727803 0.0579585844910497 -0.00492915001288164 0.998241806519262
1556175084.69796  0.0727779991767766 0.00626225884695674  0.0812205630373175 0.0105728101517249 0.0716975558891003 -0.00305974104834647 0.997365687273099
1556175084.87023  0.0752938447897243 0.00522686415862481  0.0810815373558529 0.00763086973067412 0.0805377498901176 -0.000470488558651473 0.996722237792609
1556175084.99943  0.0759404547665465 0.00597699496665648  0.0814901540056711 0.00749549220748526 0.0898149738001278 -0.000926415324852156 0.995929831781585
1556175085.12863  0.0782727191370972 0.00482559454877478  0.0810711788980111 0.00356470072943941 0.0971593119140011 -0.00129956004010448 0.995261609910083
1556175085.25783  0.0768590899098036 0.00583155159540898  0.0817093106992408 0.00308178863883733 0.107556003817955 -0.00447425717815165 0.994184182958169
1556175085.60237   0.081198290065407 0.00439499395169117  0.0807957301165325 0.00264339013471499 0.125914756100241 -0.0110431088206365 0.991976076542367
1556175085.73157  0.0797425260753598 0.00538867465375644  0.0811602025002337 0.00458994360970169 0.139148335963054 -0.0151476217453798 0.990145051278767
1556175085.86077 0.0818896924878165 0.0043476676079901 0.0804555280930364 0.0052819635522197 0.149441597236934 -0.0151744321219905 0.988639998425151
1556175085.98998 0.0806053746561859 0.0053234079041086 0.0810093662082869 0.0103975469578609 0.162973304396198 -0.0151699268276238 0.986459054594507
1556175086.11918  0.0829168536289405 0.00421184346132676  0.0807601266126549 0.00933839850524981 0.173012412372369 -0.0156068774023872 0.984751707211619
1556175086.24838  0.0817434276814992 0.00530545597765462   0.081713854122206 0.00763524345347303 0.186459676315188 -0.0182851764058446 0.982262767537103
1556175086.37758  0.0838804584587778 0.00448666812460427  0.0823456991303934 0.00268685404649142 0.196999283333523 -0.0186646820694617 0.980222267052048
1556175086.50678  0.0834927864417496 0.00561459068921456  0.0832151803586468 0.00318804001850892 0.209198826642062 -0.0199634069645385 0.977664129297374
1556175086.63598 0.0852469104298114 0.0048082888443132 0.0843833436957353 0.00162117881398554 0.221198731253257 -0.0212165610843612 0.974996590048886
1556175086.76518 0.0839216173773465 0.0059625931341813 0.0850955838369916 0.00208105225213469 0.237463712921362 -0.0232415865431697 0.971116101669662
1556175086.89439  0.0855562745269298 0.00539013552039679  0.0856319945159205 0.000916199064789269 0.251257975838671 -0.0230548947436338 0.96764511159055
1556175087.02359  0.0850666593043722 0.00610090051666253   0.085818711253475 0.00311803357549254 0.266280580955518 -0.0253950547378472 0.963555925345009
1556175087.15279  0.0865052261489449 0.00584667664259281  0.0871343712200493 0.0027408628683631 0.280260474433096 -0.0271259340974966 0.959536730844949
1556175087.28199  0.0855032341360386 0.00647776888082909  0.0872943517471778 0.00245339553142454 0.295494964458978 -0.0293157154924899 0.954891248077454
1556175087.41119  0.0867734372307455 0.00617736201106116  0.0879851466223818 0.00209891692437193 0.30921296622216 -0.0310872913189226 0.950482254640396
1556175087.54039  0.0859218843336229 0.00644912341892336  0.0876890193660759 0.00157374735303356 0.326449229322711 -0.0336911066211501 0.944612795450347
1556175087.6696  0.0870020366604414 0.00651861761339675  0.0884266432741648 0.00147670230827285 0.342076473832893 -0.0361703739417563 0.938974552077563
1556175087.75573  0.0866129056838855 0.00637928144687744  0.0880894469907836 0.00163076007003157 0.354403769617945 -0.0368724290949868 0.93436381173225
1556175087.928  0.0868991263731217 0.00650172559619083  0.0881789159897118 0.00257920540575388 0.380835812021741 -0.0386078615082459 0.923832704016791
1556175088.01413  0.0869107653753142 0.00639187845119623  0.0878287150567802 0.00216241180505762 0.393937655389346 -0.0412674946047582 0.918207733321048
1556175088.1864  0.0867427107147929 0.00635304178541878  0.0873188771286012 0.0018827545320878 0.420503825827341 -0.0442178222781714 0.906210666397674
1556175088.27254   0.087528423987374 0.00633166621518823  0.0870511532759051 0.00347964187843657 0.433986030145433 -0.0452457104454655 0.899775996244227
1556175088.35867    0.08800153169578 0.00623758401766958  0.0866801230650533 0.00374452153150374 0.449255669054232 -0.0472935882389495 0.892142723387138
1556175088.44481  0.0885591092979412 0.00622205672841656  0.0859855038513163 0.00308081706602634 0.464005695388416 -0.0500844472671924 0.88440984354272
1556175088.53094  0.0892157305754461 0.00606792309093853  0.0852097194539886 0.00282602435397803 0.478278156954298 -0.052071699371059 0.876658745631024
1556175088.61707  0.0899482926966198 0.00601742218694371  0.0847365288688776 0.00359565201197793 0.493301451159314 -0.0550982011383706 0.86810422058762
1556175088.70321  0.0908639688873512 0.00596116219946518  0.0839566779582849 0.00376018827713297 0.505630238951151 -0.0585200025419846 0.860755093940668
1556175088.78934  0.0918653209307446 0.00574689820472683  0.0828585060648284 0.00282428734743076 0.517730253822924 -0.0598137525173398 0.853445793643172
1556175088.91854  0.0935507312697493 0.00566803769087579  0.0813934008467577 0.00673293399558579 0.533060912376359 -0.0604507594197747 0.843887692161622
1556175089.04775  0.0955349988769427 0.00550665288053476  0.0794569069905071 0.00824769732682949 0.545162389453222 -0.0594472883282518 0.836179385374261
1556175089.22002  0.0977101113396136 0.00566021648331597  0.0779874730248697 0.0093663287248482 0.556547557090347 -0.0585178824648562 0.828699430441951
1556175089.30615  0.0987036820658418 0.00553077183501739  0.0773771644727275 0.00894155088862963 0.559812588308831 -0.0593830041172731 0.826440302417956
1556175089.47842   0.101141021743155 0.00527289914614806  0.0747870004341621 0.0113035368630263 0.561880542400164 -0.061198726865425 0.824874052177988
1556175089.56455   0.101423550294391 0.00521150599471214  0.0749766696301162 0.0118421484366419 0.565213193996322 -0.0613635790140056 0.822574203354003
1556175089.82296   0.104119856122077 0.00477717367007592  0.0716611450295125 0.0140375489791403 0.566589211545066 -0.060349954904342 0.821667509107208
1556175089.99522  0.104670684586929 0.0046698946867564 0.0709812520556165 0.0148217158907866 0.569927165364868 -0.0598160187907916 0.819381099863329
1556175090.12443   0.105496895759279 0.00440838819057138  0.0697733081852747 0.0153895234897665 0.571420204067402 -0.0596613175603829 0.818341395835067
1556175090.25363    0.10613975133604 0.00424346254947322  0.0685780919011987 0.0172381875061428 0.573253097685647 -0.0604553643437512 0.816963205907939
1556175090.33976   0.107477224080132 0.00389110294507013  0.0664790824922033 0.0174880568190072 0.572398007835481 -0.0617402038462709 0.817461213589788
1556175090.51203   0.107575341585673 0.00375439259964317  0.0656298690023946 0.0169830164068408 0.579071546574616 -0.0621401289132777 0.812727706849009
1556175090.59817   0.109061662304903 0.00342033196792488  0.0632606697430198 0.0170253605156336 0.580130738736683 -0.0622641939433435 0.811961595905083
1556175090.77043   0.109232345456481 0.00317857355511779  0.0623848837063124 0.0180570221089526 0.589098413272737 -0.065824352007208 0.805173371464141
1556175090.85657   0.110637973261515 0.00274113302538739  0.0596856968473925 0.0185455013409992 0.59066479817198 -0.0671159027930141 0.803907094242079
1556175090.98577   0.110532573628937 0.00260068187006532  0.0592304637780804 0.0200756675040404 0.600279399886093 -0.0676220870174565 0.796673623885002
1556175091.11497   0.112202246890288 0.00223046907208669   0.055819316360976 0.0217196430879459 0.605064739221982 -0.0687282224330399 0.792906898630326
1556175091.24417   0.111841597625164 0.00207696094373137  0.0551699484488178 0.0222034856561478 0.614852876066111 -0.0699920461653213 0.785215931761156
1556175091.37338    0.11319011517258 0.00173690613806589  0.0515437171799581 0.0216071900282638 0.620804548584923 -0.0704072260144617 0.780498343573067
1556175091.50258   0.113543237821812 0.00146548290960781  0.0493085451960686 0.0225872692880854 0.630427125830434 -0.0712857510941187 0.772638205096171
1556175091.63178   0.113770144916213 0.00117591886003221   0.047078254602708 0.0232705229510933 0.641766774817644 -0.0709394399606171 0.763257155459296
1556175091.76098   0.113797261563378 0.00110559403464328  0.0454890516950463 0.024130282222746 0.653008449681315 -0.0704650298806538 0.75367922466297
1556175091.89018    0.114186550258428 0.000903097257766073   0.0435421021122434 0.023817887716279 0.662490099009072 -0.0695226461535644 0.745457026669875
1556175092.06245     0.11365986285042 0.000857896828788675   0.0428235571085386 0.0243374111428024 0.674758833755638 -0.0703060896428734 0.734278734845785
1556175092.19165    0.113471738165348 0.000995521217083423   0.0432843632985504 0.0268756702747797 0.683003229910537 -0.0747526145626179 0.726082869165158
1556175092.32085  0.113512204063236 0.0006956873424742  0.042898828619612 0.0285323789194415 0.690224846454239 -0.0772143368160379 0.718897427231785
1556175092.45006    0.114378396510116 0.000608942362983065   0.0412830112190289 0.0296450902767976 0.694763508850229 -0.0770519931147993 0.7144843075601
1556175092.79459    0.117095924653338 0.000479320050237233   0.0419526265590722 0.0317823847297006 0.707384516999754 -0.0802546471466804 0.701538464192292
1556175092.96686     0.11856882858773 0.000131868375303313   0.0422105194318696 0.0321965700579754 0.714839804425463 -0.0829563279373642 0.693603404360602
1556175093.3114    0.122247946886061 0.000159108094116834   0.0431027330433453 0.0299208098464262 0.730388510490032 -0.0852838480658383 0.677025874056058
1556175093.48367    0.123768021255599 3.98267500042009e-05   0.0431698120474579 0.0299985594614419 0.737730415505867 -0.0872759946044773 0.668757670037196
1556175093.61287     0.125125270800128 -2.63783132211613e-05    0.0435855758804504 0.0278159485134125 0.743315429018998 -0.089220448814473 0.662380674162483
1556175093.74207   0.125779435178488 9.0670225383515e-05  0.0435505367586907 0.0260252148751454 0.748797711029861 -0.0895941219596229 0.656199336678594
1556175093.87127    0.126889634568613 7.03818319074609e-05   0.0437524590540469 0.0248687454610115 0.755978292531448 -0.0896957275980153 0.647945247047229
1556175094.00047    0.127279333850445 3.60364304638483e-05   0.0428408544355313 0.0242662674194752 0.763571668951046 -0.0911008690964248 0.638803636723145
1556175094.12968    0.127871974546363 0.000447667002489875    0.043862429437232 0.0248409548975677 0.773276300189543 -0.0941820183961912 0.626543245064352
1556175094.25888    0.127955194312542 6.49886684031264e-05   0.0421847937043864 0.0259294135571153 0.779580830516591 -0.0951817393742161 0.618483492660351
1556175094.38808   0.128348562554445 0.00015986220120353  0.0421537713907784 0.028082958582355 0.788950778354208 -0.0961427662215916 0.606238059902883
1556175094.51728   0.128395920522074 0.00015767485050518   0.041689998124694 0.0286721178604618 0.797851149868655 -0.097336717660726 0.594253326204992
1556175094.64648    0.128851388287216 0.000301564842407988   0.0415117646014293 0.0297095844497246 0.807170659483749 -0.0972352513190849 0.58149649436717
1556175094.77568    0.128350071744588 0.000663348889440904   0.0418910255150481 0.0321434689236642 0.817635928845311 -0.0974884415539734 0.566510625699285
1556175094.90489    0.128837374279221 0.000408207868549292   0.0410628444099637 0.0322756737444022 0.826876452825878 -0.0972135771658165 0.552976611676357
1556175095.03409    0.128297226881873 0.000568874538705948   0.0410845972820359 0.0327010252518161 0.835137197046621 -0.0969447808727006 0.540442609828405
1556175095.16329    0.128801044372726 0.000503541678110005   0.0406948711771372 0.0323771896607911 0.841322040048778 -0.0965625346324998 0.530852728563375
1556175095.29249    0.128501552077591 0.000542117192753672   0.0407533792127757 0.0332577385019287 0.847488504383895 -0.0959294686819289 0.521013142641613
1556175095.42169    0.128743815500692 0.000530880347077538   0.0407322668508447 0.0324905210908917 0.853131699535442 -0.0967898031283517 0.511607665401316
1556175095.55089    0.128390230415123 0.000571029905826029    0.040662392658645 0.0325273997875751 0.85862803722575 -0.0991382455036536 0.501867980878809
1556175095.72316    0.128722312813698 0.000678764168202582   0.0405056359388304 0.0326710015010934 0.864640599781496 -0.102025562365046 0.490836045431168
1556175095.8093    0.128382416539999 0.000832424245925209   0.0405458377511196 0.0333482862942326 0.867717647994382 -0.102120397574118 0.485309591456465
1556175095.9385    0.128811918116853 0.000693229169793332   0.0401157880885197 0.0321755786022285 0.87152151294379 -0.105570325861976 0.477775984029311
1556175096.0677   0.128409912611316 0.00109238679143956  0.0399335726825664 0.0340889909669471 0.877216296153296 -0.106020920718523 0.467000080115567
1556175096.1969    0.128991400652102 0.000940420974523602   0.0389664583545132 0.0321382710868152 0.88135878142271 -0.108860264678382 0.458610153305374
1556175096.3261   0.129157122282139 0.00113909991536584   0.037692609649736 0.0311754412259932 0.883987074431783 -0.108947535791495 0.453569596144696
1556175096.4553   0.129519256716243 0.00139519861289008  0.0355693776573721 0.0309364669733029 0.885345156130988 -0.106886769068306 0.451422316821782
1556175096.58451   0.130217289770347 0.00100181494891508  0.0331451447280257 0.0299459858020933 0.886918591488341 -0.103950939245411 0.449080006498481
1556175096.71371  0.130345722399829 0.0012948797323247 0.0304668429309234 0.0314472525100449 0.88752163411596 -0.105005989234458 0.447537888352035
1556175096.84291   0.130549657989988 0.00103164689346621  0.0273958925737782 0.0328665514470123 0.886980770682554 -0.104970642931698 0.448515402587101
1556175097.23051    0.131168338336632 0.000447037826030946   0.0184730215509116 0.0349920220618625 0.88454376339257 -0.104699546229847 0.453206237881383
1556175097.35972     0.131846682064417 -0.000189109814659565      0.01597096028468 0.036173285834131 0.882802171154809 -0.105455028115569 0.456323412769345
1556175097.53198     0.131829650615322 -0.000508366973456294    0.0127126568685482 0.037548372526316 0.878598643369862 -0.104316538165603 0.46451329739245
1556175097.61812    0.131624440324605 -0.00097014913732673   0.0104000565898343 0.0394754286401684 0.875239383472753 -0.103434549470116 0.470849239277101
1556175097.79039    0.132367560662295 -0.00146692836560277  0.00872193316509584 0.0430906653039082 0.870418885328588 -0.103187993839889 0.479443840876389
1556175097.87652   0.132690928832686 -0.0019850854833946 0.00749454103764888 0.0438426755071297 0.867878379798785 -0.106752410293499 0.483186155201845
1556175098.04879    0.132843644353221 -0.00229169709627705  0.00531950373894666 0.0443569670956286 0.863777158872528 -0.11473561417143 0.488627893310325
1556175098.39333    0.135066667993491 -0.00322822718407209  0.00197983617541517 0.0475333051823157 0.865500454462665 -0.117449070860572 0.484618678939797
1556175098.78093    0.139489317550993 -0.00364767582748959 -0.00286158008954226 0.0469051247995394 0.870633358973939 -0.1150822723075 0.475976400790877
1556175098.9532    0.141860158938373 -0.00434426157664133 -0.00471663827711105 0.0475235722997962 0.872328798305255 -0.116695108633986 0.472404730442105
1556175099.0824     0.14359712947657 -0.00414918359696563 -0.00651040378110465 0.0479878607488167 0.873484870694767 -0.120838629752091 0.469168809116436
1556175099.16854    0.144400437096063 -0.00457314235707491 -0.00776633316776176 0.046715065489779 0.875171788326701 -0.119526354985401 0.46648204042303
1556175099.34081    0.146746571080223 -0.00434374729881577 -0.00978936520271834 0.044442862364964 0.879225953581222 -0.119316677051083 0.459075249944372
1556175099.47001   0.148174514134338 -0.0047317398952061 -0.0113275501680747 0.0430759632341249 0.880998297038592 -0.119709987964584 0.455692857951573
1556175099.81455   0.152192351198882 -0.0053514255013851 -0.0143528286380623 0.0424915451767992 0.886631877364296 -0.121522866395574 0.444196550609025
1556175099.98682    0.153459996854546 -0.00609948834262927  -0.0157345325906482 0.0394389015802434 0.890974998252083 -0.121679927400345 0.435662852214521
1556175100.33135    0.155165802411694 -0.00674591585861514  -0.0188530051738473 0.0383732587006718 0.891356730287506 -0.128173797882228 0.433107550066151
1556175100.50362    0.155354476031246 -0.00714032608957076  -0.0211336295447654 0.0380026293801532 0.888950091751277 -0.127957902768952 0.438121341245279
1556175100.84816   0.154964321549568 -0.0068535353514976 -0.0261067639731478 0.0434073781258268 0.893368944115808 -0.125625983954333 0.429215378765898
1556175100.97736   0.154010671105778 -0.0069106981623712  -0.027181120436508 0.0440249114304581 0.897605778381024 -0.125101412722574 0.420375201843963
1556175101.10656   0.153198011046372 -0.0066864914068515 -0.0287297098515041 0.0475952585384008 0.902723000641684 -0.124757566580137 0.408976069053118
1556175101.23576    0.152337728293309 -0.00682333184361832  -0.0301088822890152 0.0477633592777409 0.907334269231906 -0.126025524993964 0.39822198889301
1556175101.40803    0.151510494362798 -0.00683158188778946  -0.0317121892033373 0.0481254269015722 0.913758078844116 -0.130419710530702 0.381733959371891
1556175101.49417    0.150979282947468 -0.00714428129190325  -0.0326496283408436 0.0493789562405944 0.917984076479087 -0.131286466857451 0.370986276877617
1556175101.62337    0.149787466507869 -0.00708448658673499  -0.0341764234721233 0.0477458952891205 0.924235309553819 -0.13239903116355 0.354936499396654
1556175101.75257    0.148583606809647 -0.00722723281110976  -0.0354863827243103 0.0464519465575118 0.930595774686531 -0.132669170207161 0.337983153534516
1556175101.88177    0.147691976953808 -0.00734388599410214  -0.0368864355112563 0.0464438585567533 0.935989927367372 -0.133322889898085 0.322476093530057
1556175102.01097    0.146702245368987 -0.00732846850746405  -0.0377173362574801 0.0462472456332866 0.940236920855887 -0.134622523887027 0.309342045304322
1556175102.18324    0.146100465910868 -0.00745784159394008  -0.0392919639124391 0.0481723575731022 0.944385617302069 -0.13608159948357 0.295460704799865
1556175102.26938   0.146054798001967 -0.0074590561455559 -0.0390947949467045 0.0483383415982971 0.94649898876393 -0.136373601483848 0.288453306132393
1556175102.65698    0.144808962887959 -0.00773721000822514  -0.0432356988926646 0.050870621258816 0.948153416150587 -0.138738230065513 0.281369832876594
1556175102.78618    0.144358686462419 -0.00755237019027565  -0.0441051383383655 0.0508349595755496 0.948068763275456 -0.137426270276816 0.282303820774892
1556175103.08765    0.142967817272191 -0.00752187702633233  -0.0476030664090781 0.0521631946197471 0.945723175899163 -0.136661394710524 0.290190177108112
1556175103.17379    0.142320953135988 -0.00795410652685594  -0.0499557975058548 0.0542508622388551 0.942767750779461 -0.137880417887851 0.298721948305861
1556175103.30299    0.141184050046775 -0.00798189473180658  -0.0510537388994629 0.0563420716938326 0.939534829632673 -0.138211621926724 0.308216518747351
1556175103.47526    0.139857139152781 -0.00866008062880551  -0.0539774059354947 0.0601735123537139 0.936336578839457 -0.136263284625098 0.317939108637832
1556175103.56139    0.139198297790675 -0.00873729424815891  -0.0541858788280704 0.0613918236506853 0.935119608156517 -0.134663159338603 0.32194439884395
1556175103.69059    0.138286504736315 -0.00940580108343755  -0.0563657847623753 0.062552773610747 0.931036141969751 -0.136732196152255 0.332510389905437
1556175103.8198    0.137442641952676 -0.00961548834591298  -0.0570756341689397 0.0607707647784989 0.929575626451868 -0.137050854373363 0.336768662690556
1556175104.2074   0.136441393926592 -0.0105437810293434 -0.0589071013331922 0.0615438006362378 0.927602097478522 -0.136439993102001 0.342273045446205
1556175104.37967   0.136145249445835 -0.0104667444515097 -0.0583231945567333 0.0619683187157996 0.926997163347797 -0.13654145539832 0.343791532150494
1556175104.72421   0.133310583354886 -0.0109346236680298 -0.0602433041479703 0.0666483678496744 0.927202772429608 -0.127636490021517 0.345777298671861
1556175104.85341   0.131824482524076 -0.0111685891249463 -0.0601628231194412 0.068560739902081 0.926002008057198 -0.128573301345086 0.348265146403342
1556175105.19795   0.128053703076165 -0.0114856627304947 -0.0599241028207155 0.0667028654665209 0.922915903380137 -0.129806557791889 0.356268467003187
1556175105.62862   0.123083953883202  -0.011448449024994 -0.0574258450158771 0.0678993783843358 0.917871455774819 -0.125978448198584 0.370177113931038
1556175105.97316   0.120402936290226 -0.0115513630069667 -0.0551746063303992 0.0694601214458157 0.90954274462665 -0.125671286184858 0.390017967604567
1556175106.14542   0.118968169878025 -0.0115199867497172 -0.0539629145092966 0.067657119421052 0.903876064199939 -0.124374312012905 0.403685032258307
1556175106.31769   0.118296023842049 -0.0119302400522078 -0.0529385070077749 0.0688802533318853 0.896807392464524 -0.127620019281706 0.417977442214832
1556175106.40383   0.117550875778307 -0.0117776138194277 -0.0519154605309079 0.0679640904225234 0.893024104743987 -0.129482448436771 0.425585627466505
1556175106.53303   0.116999844096312 -0.0118327336864412 -0.0509618410086226 0.0674934222980629 0.888090823568301 -0.129660098604947 0.435806821734158
1556175106.66223   0.116318837275398 -0.0115747927188828 -0.0496720029027452 0.0680989637976855 0.880822996511655 -0.130374086880978 0.450017752334129
1556175106.79143   0.116596498409079 -0.0117081144454609 -0.0485855982621471 0.0655246161291589 0.872364591401143 -0.131354617667196 0.466296588844641
1556175106.87757   0.116695512525107 -0.0116375032012474 -0.0479183114724257 0.0637184083784613 0.866615808367669 -0.130842785053072 0.477281018604892
1556175107.04984   0.117034968205571 -0.0115230089800749 -0.0472080513252749 0.0619532629648851 0.854055589859829 -0.127709687392543 0.500440884004577
1556175107.13597   0.117113542725051 -0.0115150077440251 -0.0469186579862597 0.0598227593538491 0.845572621540636 -0.129251686889202 0.514511594233292
1556175107.2221   0.117200839319082 -0.0115746786300787 -0.0467219685065665 0.0595593093460832 0.836701657861541 -0.130362099816171 0.528572367167908
1556175107.35131   0.116889919272558 -0.0112825189142933 -0.0467750798247973 0.065367351236243 0.825965122468135 -0.125002119766808 0.54578676780622
1556175107.43744   0.116096828095276 -0.0110191181273736 -0.0468084252990303 0.068903941908607 0.819705366978734 -0.116755389628376 0.556510141083198
1556175107.56664   0.115406410729194 -0.0107601564700403 -0.0471775169656731 0.0649561433200202 0.806646633068765 -0.112589420566448 0.57656355346165
1556175107.65278   0.114680643633647 -0.0104878359244546 -0.0474072545682167 0.0635057158125021 0.796601285848537 -0.111931964273265 0.590647653696794
1556175107.82505    0.113696331556537 -0.00992387868636307  -0.0479111583467533 0.0653616822003116 0.778749919247653 -0.107305885429736 0.614623348664741
1556175107.91118    0.113240600352666 -0.00996804928901347  -0.0482251267404271 0.0638723369926317 0.771283320395883 -0.1049251671547 0.624526279305971
1556175108.08345    0.112149568681779 -0.00956693414330664  -0.0486190518807604 0.062097733621757 0.754858188765616 -0.0993567199350854 0.6453380730565
1556175108.16958    0.111578472361129 -0.00942381528431156  -0.0487550653355567 0.0620182848444678 0.745720573456013 -0.0956756322103201 0.656430294906124
1556175108.34185    0.110286342966479 -0.00891351116166461  -0.0489975728071023 0.061464135151576 0.72560838255444 -0.091402411439765 0.679235036228105
1556175108.42799      0.1096476050847 -0.00872079150678239  -0.0491699161269755 0.0614593125981447 0.714150471991372 -0.0912737480960416 0.691289345468281
1556175108.60026    0.108098249281913 -0.00816216696288379  -0.0491036393690106 0.063180083836862 0.691764393434915 -0.0884955178211171 0.713889938511227
1556175108.68639    0.107220800160582 -0.00782409377270774  -0.0493668263375474 0.0634725844059648 0.679339948539129 -0.0861841901582568 0.725975723226642
1556175108.81559    0.105980477633123 -0.00742127451895291  -0.0492245321885481 0.0631804434035922 0.662630996386412 -0.0828069103138502 0.741667991626678
1556175108.98786    0.104140996810998 -0.00675051371222475  -0.0493891288512506 0.064671740215223 0.643408262810027 -0.081157916235244 0.758456831993537
1556175109.11706    0.102781851800969 -0.00628189022021623   -0.049326724327258 0.0646420580939549 0.63219320417243 -0.0810411998032991 0.767844698398066
1556175109.24626    0.101247826292255 -0.00570174109671361    -0.04934682607755 0.0664009813379948 0.624073901598442 -0.0785988451033219 0.77456109931333
1556175109.37546     0.10010632739423 -0.00534871139339183  -0.0493688265565516 0.0667601681228922 0.616662712912036 -0.076366314038266 0.780665334529707
1556175109.50467   0.0991007458769851 -0.00499619349868959  -0.0494077070478095 0.0645553827022486 0.609223379328107 -0.0767274878379834 0.786633567332516
1556175109.63387   0.0986296896396717 -0.00486536547349537  -0.0495226990169399 0.0626550312100513 0.601304486291434 -0.0723827220479142 0.793264144770704
1556175109.76307    0.097501450066162 -0.00446202402882784  -0.0495024023292325 0.0576948330433304 0.597689615273878 -0.0710941241699997 0.796482300834341
1556175110.10761   0.0948797421305368 -0.00351945580957571  -0.0503017462061249 0.0546169255002666 0.583300163546096 -0.0759492060118217 0.806851677052338
1556175110.27988   0.0928824673541878 -0.00282907105967916  -0.0506048553009477 0.0561447263870206 0.576111780622106 -0.0768227882093466 0.811813553187612
1556175110.40908   0.0913859941031682 -0.00239002347002023  -0.0508300551400841 0.0535866691343138 0.5719923627364 -0.0781081384247248 0.814771332690433
1556175110.53828   0.0895641870264886 -0.00174721256217101  -0.0510793723716437 0.0540888179557726 0.568173080843465 -0.0776639971235745 0.817448502064676
1556175110.88282    0.0846374442918241 -0.000823644994803417   -0.0513120006129175 0.0583173112371283 0.562463553001976 -0.0780045902390595 0.821065847941626
1556175111.31349   0.0786899228735669 0.000139053087139703  -0.0517694418989221 0.0606542886978947 0.564664096098168 -0.0714235931721651 0.81998425971391
1556175111.70109   0.0757360094293234 0.000817886986545563  -0.0525930726561456 0.0619965433685148 0.560728827957406 -0.0761321268682817 0.822157837258991
1556175111.8303   0.0746899856075142 0.000873435383909626  -0.0520632149291056 0.0625962828737314 0.55975911794394 -0.0722847121321044 0.823119891413755
1556175112.2179  0.0719013187375509 0.00152616066502285 -0.0525800330282924 0.0660029202034655 0.554625979839697 -0.0658026365686554 0.826863743329023
1556175112.3471 0.0709452751394506 0.0014365478749744 -0.053210880374693 0.0636369989573697 0.552288943385751 -0.064788592875974 0.828691555170379
1556175112.86391  0.0648434406914685 0.00240969512153095 -0.0534604289800134 0.0663689454735112 0.573801790651126 -0.0747606903496246 0.812869920282909
1556175112.99311  0.0630295917325505 0.00299530271508121 -0.0538234172294406 0.0689786502673846 0.579646202586963 -0.0737454804445326 0.808587552308226
1556175113.12231  0.0612717062838006 0.00292755924228081 -0.0535369641348241 0.0693451555688092 0.585089017892263 -0.0746925675996176 0.804539067346254
1556175113.46685  0.0564781202824401 0.00401360749477948 -0.0531512752617295 0.06590479340377 0.588530855420724 -0.0774098522840015 0.802057170776203
1556175113.89752  0.0517558145865728 0.00486020199042845 -0.0520134484408631 0.0713195523462463 0.59118897325157 -0.0700974470978526 0.800309607132921
1556175114.24206  0.0487754578543194 0.00552551975636726  -0.049344229028543 0.069326718252552 0.59124012132107 -0.0761215776355962 0.799896512365722
1556175114.41433  0.0478137997791867 0.00567608950871858 -0.0477230650079485 0.0665715978653685 0.596031549606536 -0.0786218708829221 0.796324817929312
1556175114.54353  0.0463177513608638 0.00632575316749665 -0.0456976867041591 0.0629526497202927 0.601965201913708 -0.0806193195205118 0.79194405414665
1556175114.67273   0.045870556927674 0.00625217372580067 -0.0446757551284335 0.0594971914495859 0.606400333815504 -0.0801085091196593 0.788873466485394
1556175114.80193  0.0446771425884471 0.00694159394089108 -0.0425003954177504 0.0595483638151474 0.61121375309353 -0.0832125109593435 0.784823176528383
1556175114.93113  0.0440237872535154 0.00639930862126389 -0.0402411344538818 0.0586779021499129 0.617178866733225 -0.0887205963623676 0.779599772985013
1556175115.06034  0.0433179038333278 0.00729761068262076 -0.0390283111406658 0.060117404599136 0.62336409892353 -0.0926461959034035 0.774092875708172
1556175115.14647  0.0425741351965671 0.00676198824541046 -0.0372724621133449 0.0579697473495371 0.62889264795689 -0.0947525879554846 0.769516401913397
1556175115.27567  0.0416359652655698 0.00737343622110259 -0.0359818828895505 0.0541925605041998 0.638219295192492 -0.0964029600342868 0.761869914701076
1556175115.40487  0.0409289560998152 0.00701107884976654 -0.0338557628615538 0.0505108377984309 0.644734089896695 -0.0946056498225909 0.756846338176797
1556175115.57714  0.0402126386830201 0.00769888829873412 -0.0327950264590171 0.0524822859075392 0.637576752867586 -0.0893380150848745 0.763387328247882
1556175115.66328  0.0399828024216588  0.0072498012770627 -0.0317526114755799 0.0530424343071359 0.628598771467484 -0.0894762821192553 0.770742550797904
1556175115.79248   0.040146135731968 0.00771708489693741 -0.0307216372038891 0.0562971650728151 0.611803126876988 -0.0873075983579268 0.78415875077517
1556175116.05088  0.0401229479044077 0.00771418144830196 -0.0284622988299079 0.0567808571833593 0.584704705995017 -0.0827101221506016 0.805018867318423
1556175116.18008  0.0402281745653663 0.00753674699176181 -0.0274483438035571 0.0568228978389464 0.573604481374665 -0.081969012998075 0.813037599460325
1556175116.30928  0.0402857692366227 0.00759972161990467 -0.0267313842640373 0.0593067947086814 0.564097471834066 -0.0814746682962459 0.819535615332131
1556175116.48155  0.0405238949079286 0.00744813010316438 -0.0253377837824488 0.0597926695010048 0.557083095467889 -0.0811128910492231 0.824320302020699
1556175116.82609  0.0404544924730055 0.00757088831964972 -0.0245704662745893 0.0564497857110968 0.54732760012993 -0.0766480842507525 0.831487216383916
1556175116.95529  0.0406044384720655 0.00745174132523499 -0.0238644520103862 0.0562489196606575 0.540386928751858 -0.0772829781235556 0.835969716893799
1556175117.12756   0.040609582911986 0.00743934247490768  -0.023149198548365 0.0567698082743024 0.528461430598183 -0.0771481975450425 0.843536520166241
1556175117.2137  0.0406747781549784 0.00744151746414852 -0.0226093473442112 0.0552380031575509 0.521590035821696 -0.0770103633994559 0.847916270316694
1556175117.4721  0.0403912052520168 0.00753215040004645 -0.0211325840821036 0.0523366683504698 0.494634678438286 -0.073267034796245 0.864424287976912
1556175117.6013  0.0403040244625765 0.00762014347226791 -0.0204073962665651 0.0521366545463233 0.477232242751632 -0.071393652496357 0.874319222088931
1556175117.7305   0.039943390354697 0.00760751623449391 -0.0196566518482896 0.0509360796372379 0.458893178510971 -0.0703150175262321 0.884238861856666
1556175117.8597  0.0397362387972131  0.0078086507632384 -0.0190883553029865 0.0498040007982056 0.440967471574004 -0.0706126385571982 0.893353852509806
1556175117.9889  0.0393078626936324 0.00781092224484466 -0.0185328316787045 0.0495915982691386 0.425603226358327 -0.0698794333349867 0.900843733336297
1556175118.24731  0.0388542758636011 0.00791949850452177 -0.0176310298941908 0.0476672354886291 0.397814999834668 -0.0691290879863248 0.913614924222231
1556175118.37651  0.0386888761559291 0.00818312408202567 -0.0172098004173632 0.0489107210134399 0.385189617762311 -0.0682992505377388 0.919005936930798
1556175118.50571  0.0384518131562111 0.00817302127377791 -0.0165632702185134 0.0491889466048762 0.374131814473167 -0.0655414620313877 0.923747882100796
1556175118.63491  0.0381542102471579 0.00838459725497168 -0.0156272949745743 0.0490291929993844 0.363698071839497 -0.0649529750108552 0.92795525851805
1556175118.76411   0.038103710029816 0.00843357706913889 -0.0153005835018896 0.0476801244005049 0.354463011203922 -0.0644334484599274 0.931628096476787
1556175118.93638  0.0380792517537857 0.00883589230958847 -0.0143955614040031 0.0473915023973489 0.344963627554601 -0.063052717427412 0.935295940325794
1556175119.19479  0.0381306658267756 0.00932417605201295 -0.0123718621256511 0.0465230379497269 0.330120608327126 -0.0620390483148755 0.940748184894258
1556175119.28092  0.0378458356325548 0.00943727220780212   -0.01113810962078 0.0455425675628403 0.325279637391461 -0.0618739983947767 0.942491718987974
1556175119.41012  0.0380954628576842 0.00977522784235998 -0.0102363128926117 0.0464360237113104 0.314210968317966 -0.0615805960870003 0.946215088273347
1556175119.66853   0.0378419141493429   0.0105079830352505 -0.00746611386688876 0.0421153270066362 0.291566340386144 -0.0588485742086476 0.953809317263448
1556175119.92693   0.0374650419179528   0.0110248930207605 -0.00450418972412657 0.0437949975037862 0.26899690947215 -0.0598224170942552 0.96028325992963
1556175120.18533   0.0367874831114407   0.0114678569598567 -0.00180160821302558 0.0443066856409798 0.251032357908283 -0.0608995967061105 0.965044512968989
1556175120.31453    0.0362268494899856    0.0117176825496644 -0.000630183094060426 0.0459428443824693 0.243838916116505 -0.0619485094455011 0.966744133788593
1556175120.57294  0.0357266761892916   0.011893430655091 0.00127288868484406 0.0468173118609811 0.227746128262186 -0.0645555688083441 0.970449596273566
1556175120.70214  0.0353643434420685  0.0119950594792429 0.00245245997603738 0.0466076052271428 0.221222778461526 -0.0657271639205901 0.971888961429087
1556175121.00361  0.0347734373868825    0.01230815593494 0.00438175332185317 0.0453866476281679 0.204519347720385 -0.0645332205543229 0.975677893605257
1556175121.08974  0.0344525496382061  0.0126051755628811 0.00496113793982221 0.0453850215459832 0.200008682868968 -0.0634637327085372 0.976682692191784
1556175121.21894  0.0343418935826058  0.0125403080048773 0.00579721085195809 0.0452099133229646 0.192527082935272 -0.0610802963835009 0.978344818286206
1556175122.38176  0.032376507820716 0.0132679388392421 0.0115728242370398 0.0467224739820911 0.131249766237844 -0.0510567839207242 0.988930591145393
1556175122.51096 0.0325005898435195 0.0130229138795516 0.0119719455856423 0.046420984904032 0.12110030440964 -0.0507194901571067 0.99025620005665
1556175122.64016 0.0322416137928445 0.0132011262863372 0.0123887489183325 0.0480087143276908 0.110614163164321 -0.0484378771772566 0.991520772505861
1556175122.76936 0.0322238317325015 0.0130842309654771 0.0126069440928006 0.049383985650935 0.102611191334034 -0.0468565292221626 0.992389354559737
1556175122.89857 0.0321914539459049 0.0132522173864089 0.0127529895509339 0.0492296735136196 0.0975737176034781 -0.0456048090022558 0.992963247192285
1556175123.28617 0.0317882049341398 0.0132576744984937 0.0130469584989053 0.0464518913450002 0.0871107532825771 -0.042004795992628 0.994228110428705
1556175123.80298 0.0305067683991976 0.0132612206067924 0.0133942156924255 0.0473088428554198 0.0747714038116005 -0.0383716874816191 0.995338497275945
